1760895208395 22.24974263798107 0
1760895208599 20.348783579739656 1
1760895208901 18.86733969775113 2
1760895209100 17.31808441335505 3
1760895209404 16.12268189950423 4
1760895209609 14.870742732828313 5
1760895209919 13.591831835833462 6
1760895210127 12.54186556556008 7
1760895210332 11.616906296123158 8
1760895210634 10.54904783855785 9
1760895210842 9.757008465853604 10
1760895211148 8.89846589348533 11
1760895211347 8.066310264847495 12
1760895211657 7.361420880664479 13
1760895211861 6.595235456119884 14
1760895212169 5.92632554877888 15
1760895212374 5.357407526536421 16
1760895212674 4.805292519656095 17
1760895212875 4.285169996998527 18
1760895213088 3.8355634158307854 19
1760895213394 3.4138615510680457 20
1760895213609 3.0216311541470615 21
1760895213916 2.694866353815252 22
1760895214115 2.3550092740492388 23
1760895214425 2.052450101483952 24
1760895214630 1.786166020415046 25
1760895214949 1.5327371846545825 26
1760895215194 1.3193766312165693 27
1760895215421 1.1245504563505 28
1760895215766 0.9680062261494723 29
1760895215987 0.8526849733157591 30
1760895216343 0.7695974748242985 31
1760895216552 0.7163093740289862 32
1760895216852 0.685814382000403 33
1760895217054 0.6659198511730541 34
1760895217370 0.6530780765143308 35
1760895217576 0.6450497846711766 36
1760895217814 0.6393912881612778 37
1760895218145 0.6351777139035139 38
1760895218385 0.6320555237206545 39
1760895218710 0.6298388025977395 40
1760895218932 0.6286695111881603 41
1760895219280 0.6267389031973752 42
1760895219490 0.6256755292415619 43
1760895219807 0.6244645809585397 44
1760895220013 0.6237038387493654 45
1760895220327 0.6227216964418237 46
1760895220534 0.6222410215572878 47
1760895220748 0.6217382604425604 48
1760895221052 0.6212521872737191 49
1760895221251 0.6207629984075372 50
1760895221565 0.6202739571983164 51
1760895221776 0.620025091550567 52
1760895222094 0.6196001077240164 53
1760895222309 0.619423352859237 54
1760895222626 0.6191102442416277 55
1760895222843 0.6190026199275797 56
1760895223049 0.6187160895629362 57
1760895223366 0.6185153776949103 58
1760895223574 0.6183100491762161 59
1760895223891 0.6182472760027106 60
1760895224094 0.6180163337425753 61
1760895224410 0.6178779696876352 62
1760895224622 0.617779859087684 63
1760895224944 0.6178254119374536 64
1760895225153 0.6176548044789921 65
1760895225365 0.6176375110041011 66
1760895225679 0.6174270497127012 67
1760895225884 0.6174388947811994 68
1760895226220 0.6174048605290327 69
1760895226448 0.6173751015554775 70
1760895226780 0.6172703856771643 71
1760895227011 0.6172379607504065 72
1760895227354 0.6171858730641279 73
1760895227578 0.6171756210652265 74
1760895227909 0.6170268207788467 75
1760895228125 0.617038909684528 76
1760895228333 0.6169417798519135 77
1760895228642 0.6169559860771353 78
1760895228841 0.6169042695652355 79
1760895229154 0.6168780232017691 80
1760895229375 0.6167676692659204 81
1760895229676 0.6167654936963861 82
1760895229876 0.6167234385555441 83
1760895230189 0.6167636730454185 84
1760895230395 0.616715515201742 85
1760895230604 0.6167671870101582 86
1760895230910 0.6166273084553805 87
1760895231115 0.6166462600231171 88
1760895231417 0.61659890006889 89
1760895231615 0.6165785152803768 90
1760895231924 0.6165662895549427 91
1760895232149 0.6166616637598384 92
1760895232443 0.6165779111060229 93
1760895232641 0.6166406409306959 94
1760895232838 0.6164724230766296 95
1760895233151 0.6164578957991167 96
1760895233359 0.616513576019894 97
1760895233662 0.6164757866751064 98
1760895233861 0.616467765786431 99
1760895234170 0.6164797300642187 100
1760895234375 0.6164562160318549 101
1760895234684 0.6165722120891918 102
1760895234888 0.6164802827618339 103
1760895235183 0.6164927049116655 104
1760895235390 0.6164591041478243 105
1760895235601 0.6163876883008264 106
1760895235906 0.6163793869993903 107
1760895236105 0.6163998422297564 108
1760895236411 0.6163095290010626 109
1760895236613 0.6163371381434527 110
1760895236922 0.6163242350925099 111
1760895237124 0.6163239600983533 112
1760895237456 0.616329088807106 113
1760895237658 0.6162996590137482 114
1760895237899 0.6162616773085161 115
1760895238210 0.616362522948872 116
1760895238424 0.6163401373408057 117
1760895238737 0.61623030630025 118
1760895238967 0.6162484802983024 119
1760895239281 0.6162131103602323 120
1760895239487 0.6161913275718689 121
1760895239798 0.6163230064240369 122
1760895240005 0.6163131215355613 123
1760895240216 0.6163076338442889 124
1760895240533 0.6163063496351242 125
1760895240735 0.6162768453359604 126
1760895241048 0.6163051467050206 127
1760895241258 0.6162139272147958 128
1760895241582 0.6162100055000999 129
1760895241790 0.6162968670780008 130
1760895242098 0.616166351871057 131
1760895242309 0.6161662123420022 132
1760895242625 0.6161746125329625 133
1760895242841 0.616235388950868 134
1760895243047 0.6161762313409285 135
1760895243355 0.616296724839644 136
1760895243556 0.6162360175089403 137
1760895243863 0.616187103769996 138
1760895244119 0.6161783093755896 139
1760895244435 0.6161434244025837 140
1760895244634 0.6161257895556363 141
1760895244944 0.6161237602884119 142
1760895245188 0.6161649023944681 143
1760895245396 0.616241151636297 144
1760895245709 0.6161523976109244 145
1760895245911 0.6162321946837686 146
1760895246222 0.6161827661774375 147
1760895246430 0.6161914765834808 148
1760895246741 0.6160794374617663 149
1760895246947 0.6160658895969391 150
1760895247250 0.6161435856060549 151
1760895247463 0.6162033622915094 152
1760895247688 0.6161726808006113 153
1760895248001 0.6161252598870884 154
1760895248211 0.6161436303095384 155
1760895248549 0.6161054521799088 156
1760895248763 0.6160060411149805 157
1760895249082 0.6161328229037198 158
1760895249334 0.6160755103284662 159
1760895249650 0.616033598780632 160
1760895249861 0.6161430329084396 161
1760895250185 0.6160605156963522 162
1760895250394 0.6160350997339595 163
1760895250596 0.616132757880471 164
1760895250898 0.6161548915234479 165
1760895251100 0.6161663017489694 166
1760895251414 0.6160693615674973 167
1760895251620 0.616144751960581 168
1760895251928 0.6160335771062158 169
1760895252147 0.616089640693231 170
1760895252456 0.6160344346003099 171
1760895252660 0.6160603043707934 172
1760895252874 0.6162566203962673 173
1760895253181 0.6160969287157059 174
1760895253395 0.6159895387562838 175
1760895253702 0.6159303161230955 176
1760895253910 0.616069730032574 177
1760895254219 0.6160985285585577 178
1760895254430 0.6160034049641002 179
1760895254764 0.6160001700574701 180
1760895254973 0.6160755238749764 181
1760895255182 0.6160873648795214 182
1760895255487 0.6160090877251192 183
1760895255684 0.6160774217410521 184
1760895255993 0.6159981191158295 185
1760895256243 0.6161083836447109 186
1760895256555 0.6161160143938932 187
1760895256758 0.6161036572673104 188
1760895257055 0.6160010234876112 189
1760895257279 0.6159630932591178 190
1760895257586 0.6159876869483427 191
1760895257789 0.6159797798503529 192
1760895258004 0.6160810847174037 193
1760895258311 0.6159648096019571 194
1760895258514 0.6160061684521762 195
1760895258822 0.6160409098321741 196
1760895259023 0.6159435727379539 197
1760895259331 0.6159265759316358 198
1760895259534 0.6160162714394656 199
1760895208395 22.24974263798107 0
