1760895154114 5.494073854251341 0
1760895154451 0.8150204189799048 1
1760895154657 0.6292999644171108 2
1760895154967 0.6217843036759984 3
1760895155178 0.6198821447112344 4
1760895155482 0.6190978681499307 5
1760895155689 0.6184327412735332 6
1760895155886 0.61810587617484 7
1760895156189 0.6176022318276492 8
1760895156387 0.617314646189863 9
1760895156683 0.6171406439759515 10
1760895156879 0.6169256540861997 11
1760895157171 0.6171365529298782 12
1760895157372 0.6168359111655842 13
1760895157680 0.6166651181199334 14
1760895157886 0.6166852915828879 15
1760895158099 0.6166420104828748 16
1760895158404 0.6165340718897906 17
1760895158616 0.6162861599163576 18
1760895158929 0.6163800020109523 19
1760895159143 0.6162361177531156 20
1760895159448 0.6161208328875628 21
1760895159651 0.6161501041867516 22
1760895159959 0.6160157051953402 23
1760895160166 0.6159811913967133 24
1760895160366 0.6160517632961273 25
1760895160667 0.6162611110643907 26
1760895160874 0.6159115081483667 27
1760895161185 0.6158780157566071 28
1760895161399 0.6159887787970629 29
1760895161727 0.6159166287292134 30
1760895161932 0.6157788282090967 31
1760895162245 0.6158548241311853 32
1760895162449 0.6158317503604022 33
1760895162661 0.6157745624130423 34
1760895162968 0.615801839665933 35
1760895163190 0.6157524694095958 36
1760895163486 0.6157198968258771 37
1760895163690 0.6157409033992074 38
1760895164003 0.6158008887009188 39
1760895164208 0.6156995431943373 40
1760895164524 0.6157518205317584 41
1760895164735 0.6157085353677924 42
1760895165045 0.6157682971520857 43
1760895165287 0.6160249669443477 44
1760895165528 0.6159621490673586 45
1760895165829 0.6157679923556068 46
1760895166032 0.6156509423797781 47
1760895166343 0.6157159588553689 48
1760895166558 0.6157294389876452 49
1760895166861 0.6158058372410861 50
1760895167069 0.6158840669827028 51
1760895167401 0.6164528971368616 52
1760895167604 0.6156700551509857 53
1760895167834 0.6157585328275507 54
1760895168155 0.615734951062636 55
1760895168366 0.6157952045852487 56
1760895168693 0.6157440556721254 57
1760895168906 0.6157920333472165 58
1760895169219 0.6160490797324614 59
1760895169426 0.6156525340947238 60
1760895169734 0.6158232404427095 61
1760895169941 0.6156644143841483 62
1760895170154 0.6158325211568312 63
1760895170506 0.6163485741073434 64
1760895170708 0.615950345993042 65
1760895171021 0.615853874520822 66
1760895171227 0.6160669990561225 67
1760895171541 0.6158111163161017 68
1760895171747 0.6156832575798035 69
1760895172055 0.6160693317651749 70
1760895172256 0.6157084771177985 71
1760895172561 0.6157407042655078 72
1760895172772 0.6158601452003826 73
1760895172973 0.6157474152066491 74
1760895173275 0.6157602220773697 75
1760895173487 0.6157394295389002 76
1760895173830 0.6158348294821653 77
1760895174056 0.6158539815382524 78
1760895174363 0.6158623519268903 79
1760895174567 0.615738569335504 80
1760895174881 0.61571850288998 81
1760895175087 0.6157150702043013 82
1760895175301 0.6158936687491157 83
1760895175621 0.6157642237164758 84
1760895175825 0.6156621304425326 85
1760895176136 0.6156573634256016 86
1760895176345 0.6156333671374754 87
1760895176654 0.615920134566047 88
1760895176856 0.6156226057897914 89
1760895177188 0.6158706600015814 90
1760895177394 0.6156166805462404 91
1760895177610 0.6157337603243914 92
1760895177918 0.6156158352440054 93
1760895178121 0.6156107512387362 94
1760895178444 0.6157989380034533 95
1760895178643 0.6157392425970598 96
1760895178950 0.6155898692932996 97
1760895179158 0.6157256256450306 98
1760895179457 0.6157374422658574 99
1760895179656 0.615672000429847 100
1760895179964 0.6155820854685523 101
1760895180177 0.6155281229452654 102
1760895180393 0.6156529133970087 103
1760895180688 0.6156945716251027 104
1760895180887 0.615702053362673 105
1760895181197 0.6157650256698782 106
1760895181403 0.6157295568422838 107
1760895181709 0.6156301742250269 108
1760895181913 0.6156062727624719 109
1760895182216 0.6156243776733225 110
1760895182425 0.6155604218894785 111
1760895182624 0.6156401132995432 112
1760895182926 0.6155471002513712 113
1760895183126 0.6155363280664791 114
1760895183434 0.6156081503087824 115
1760895183646 0.615478438409892 116
1760895183955 0.6155032420700247 117
1760895184166 0.615531248125163 118
1760895184477 0.6155954694206064 119
1760895184681 0.6155657050284472 120
1760895184892 0.6155984523621473 121
1760895185240 0.6156028278849341 122
1760895185461 0.6155701726675034 123
1760895185780 0.6156646826050498 124
1760895185989 0.6155159920454025 125
1760895186306 0.615510028871623 126
1760895186543 0.6155799302187833 127
1760895186853 0.6154984560879794 128
1760895187060 0.615564227104187 129
1760895187387 0.6156122223897413 130
1760895187588 0.6155115338889036 131
1760895187798 0.6156030893325806 132
1760895188105 0.615584137764844 133
1760895188319 0.6156172955578024 134
1760895188626 0.6155267479744825 135
1760895188834 0.6155592677268115 136
1760895189133 0.6154420104893771 137
1760895189335 0.6155568171631206 138
1760895189652 0.6155938099731099 139
1760895189875 0.6155074049126018 140
1760895190093 0.6154764701019634 141
1760895190425 0.6155012710527941 142
1760895190634 0.6156098788434808 143
1760895190948 0.6155947595834732 144
1760895191159 0.6156061467799273 145
1760895191482 0.6154748878695748 146
1760895191717 0.6154656952077692 147
1760895192053 0.6155536337332292 148
1760895192268 0.615475283427672 149
1760895192486 0.6154799149795012 150
1760895192856 0.6155243746258996 151
1760895193087 0.615569294853644 152
1760895193408 0.6155193705450405 153
1760895193635 0.6155136132782156 154
1760895193972 0.6154863387346268 155
1760895194203 0.6154889762401581 156
1760895194533 0.6154757087880914 157
1760895194761 0.6154581890864805 158
1760895195104 0.6155285036022012 159
1760895195329 0.6155705357139761 160
1760895195565 0.6155249327421188 161
1760895195909 0.6154575456272472 162
1760895196129 0.6154480617154728 163
1760895196443 0.6155356615781784 164
1760895196656 0.6155063564127142 165
1760895196967 0.6155291958288713 166
1760895197180 0.6154717383059588 167
1760895197491 0.615517337213863 168
1760895197698 0.6154786781831221 169
1760895197916 0.6154611015861685 170
1760895198252 0.6154565499587492 171
1760895198464 0.615495740012689 172
1760895198775 0.6154993935064836 173
1760895198978 0.6154726337302815 174
1760895199294 0.6154737147417936 175
1760895199503 0.6156299290331927 176
1760895199801 0.6155546077273109 177
1760895200002 0.6155670745806261 178
1760895200215 0.615533855828372 179
1760895200525 0.6154717274687507 180
1760895200725 0.6155366897583008 181
1760895201036 0.6154620037837462 182
1760895201248 0.6154747347940098 183
1760895201561 0.6155679632316936 184
1760895201768 0.615548778663982 185
1760895202077 0.6154695139689879 186
1760895202287 0.6155399476939981 187
1760895202597 0.6154834790663286 188
1760895202804 0.6154779466715726 189
1760895203018 0.6155219701203433 190
1760895203326 0.6155234683643688 191
1760895203525 0.615547235716473 192
1760895203840 0.6154939247803255 193
1760895204046 0.6155436824668538 194
1760895204355 0.6154970106753436 195
1760895204566 0.6155427667227659 196
1760895204873 0.6155214539983056 197
1760895205083 0.615542083978653 198
1760895205290 0.6155097064646807 199
1760895154114 5.494073854251341 0
