1760895518006 0.07432915168729695 0
1760895518334 0.03528693978759376 1
1760895518670 0.022415539249777794 2
1760895519065 0.015771070198917932 3
1760895519399 0.012163362592797388 4
1760895519729 0.009700658180835571 5
1760895520115 0.008029130689630454 6
1760895520443 0.007081149611622095 7
1760895520774 0.006381387377835133 8
1760895521107 0.005830387733030048 9
1760895521498 0.005379965147850188 10
1760895521830 0.0050901316360316496 11
1760895522225 0.0048230072716251016 12
1760895522558 0.004519145829941739 13
1760895522891 0.004309883531690998 14
1760895523227 0.004161878404292193 15
1760895523622 0.0040323845830492 16
1760895523962 0.003911531276323579 17
1760895524297 0.0038016845726154065 18
1760895524701 0.00374996538316323 19
1760895525033 0.0036853359991007232 20
1760895525367 0.003565122839063406 21
1760895525762 0.0035299773074009204 22
1760895526098 0.003495402866974473 23
1760895526433 0.003483182147399268 24
1760895526830 0.003444065001200546 25
1760895527163 0.003322410534813323 26
1760895527500 0.003320072026161308 27
1760895527902 0.0032920624362304807 28
1760895528240 0.0032872647597369823 29
1760895528577 0.0032237351618029856 30
1760895528974 0.003207444313871251 31
1760895529324 0.0031877442644062367 32
1760895529664 0.0031587373126636853 33
1760895530064 0.003180097698615017 34
1760895530402 0.0031332025219770994 35
1760895530797 0.003104197348214009 36
1760895531135 0.0030955942135981536 37
1760895531473 0.003040634413165125 38
1760895531879 0.003065463674085384 39
1760895532228 0.0030658215982839465 40
1760895532571 0.0030286518899215894 41
1760895532966 0.0030250953489237213 42
1760895533302 0.003009088866581971 43
1760895533678 0.002994079306848686 44
1760895534019 0.0030208323574201627 45
1760895534434 0.002976895055987618 46
1760895534775 0.0029956954425539484 47
1760895535178 0.002950457083484666 48
1760895535517 0.0029784074074334717 49
1760895535854 0.0029232482669282367 50
1760895536191 0.0029643934103660285 51
1760895536593 0.0029519495490769095 52
1760895536931 0.0029576886021955447 53
1760895537269 0.00293365939499133 54
1760895537669 0.0029058765133165502 55
1760895538008 0.0029198791916397486 56
1760895538387 0.0029173717855221844 57
1760895538799 0.002937497428237376 58
1760895539143 0.002914076639254662 59
1760895539483 0.0029255160003561864 60
1760895539900 0.002895918071523986 61
1760895540262 0.002921586819204756 62
1760895540610 0.0028829027750444684 63
1760895541013 0.0028704534051939845 64
1760895541354 0.002881931776011532 65
1760895541706 0.002902952520261434 66
1760895542120 0.0028582172870466657 67
1760895542460 0.002878874339247969 68
1760895542814 0.0028693054125390268 69
1760895543276 0.0028644485970620403 70
1760895543619 0.0028391658878800545 71
1760895544019 0.0028464107414368878 72
1760895544358 0.0028753903779116545 73
1760895544696 0.0028611816868016667 74
1760895545098 0.0028497448021715336 75
1760895545437 0.0028833049846897748 76
1760895545794 0.002864291542209685 77
1760895546196 0.002851541349875995 78
1760895546536 0.002831559522416104 79
1760895546875 0.002848631109703671 80
1760895547215 0.0028562642242336137 81
1760895547614 0.0028404690727422185 82
1760895547951 0.0028409919997846537 83
1760895548361 0.0028319594090465794 84
1760895548705 0.0028261727685193446 85
1760895549053 0.0028437965824692087 86
1760895549393 0.0028007957311770456 87
1760895549793 0.0028312048260969195 88
1760895550133 0.0028174248291179538 89
1760895550471 0.002836178686596792 90
1760895550872 0.002851863926149566 91
1760895551211 0.002818963670341129 92
1760895551549 0.0028275611270642416 93
1760895551951 0.0028018436807377093 94
1760895552289 0.002815179241059179 95
1760895552626 0.002793434324716641 96
1760895553024 0.0028063093671913853 97
1760895553362 0.0028141492035832594 98
1760895553703 0.0028117716111327436 99
1760895554105 0.0028185414637184954 100
1760895554443 0.0027858472947793252 101
1760895554779 0.0028092448483221233 102
1760895555194 0.002810821423984387 103
1760895555538 0.002813831527336416 104
1760895555876 0.0028332059102302246 105
1760895556277 0.002836568693799729 106
1760895556613 0.0027820959539068017 107
1760895557012 0.0027888721140863545 108
1760895557349 0.0028127720050344415 109
1760895557692 0.002827165235595947 110
1760895558094 0.0027671153657138348 111
1760895558433 0.002778383135922592 112
1760895558784 0.0028005807014944203 113
1760895559186 0.0027986728819087148 114
1760895559526 0.0028137255788103425 115
1760895559865 0.002821993215051903 116
1760895560203 0.0027897221946411514 117
1760895560602 0.002779849349859763 118
1760895560940 0.00278667142000896 119
1760895561354 0.002795051465826956 120
1760895561700 0.002780833943027326 121
1760895562040 0.0027837563750588083 122
1760895562378 0.0027987853073599663 123
1760895562785 0.0027686674571172757 124
1760895563131 0.0027869581774046474 125
1760895563470 0.002753512859767811 126
1760895563886 0.0027543777726929297 127
1760895564227 0.0027970631067133086 128
1760895564566 0.0027787647135979073 129
1760895564993 0.0027774066071618686 130
1760895565332 0.002802964411040937 131
1760895565669 0.002802775553639301 132
1760895566070 0.0027651911368593574 133
1760895566409 0.0028054272512566636 134
1760895566747 0.00278146690371531 135
1760895567150 0.002774333009834994 136
1760895567497 0.002764007171869955 137
1760895567834 0.0027853277067399836 138
1760895568233 0.0028029513989829206 139
1760895568598 0.0027794987545348704 140
1760895568939 0.0027768648737533526 141
1760895569340 0.002771554176102985 142
1760895569681 0.002756895127028904 143
1760895570080 0.0028166540432721376 144
1760895570420 0.0027681791530498726 145
1760895570760 0.0027689088495786896 146
1760895571161 0.002794199829540131 147
1760895571500 0.002770388154947961 148
1760895571840 0.0027498834216120567 149
1760895572243 0.0027572075116702103 150
1760895572581 0.0027622708055952735 151
1760895572921 0.0027728530906394803 152
1760895573259 0.0027691414368084884 153
1760895573660 0.0027671645776453343 154
1760895573999 0.0027651920840567486 155
1760895574399 0.0027615911306136036 156
1760895574739 0.0027470329554158857 157
1760895575077 0.002778764740055935 158
1760895575416 0.0027533719866451893 159
1760895575817 0.002762832223776389 160
1760895576156 0.0027857750855301592 161
1760895576492 0.002767652093263512 162
1760895576892 0.002795617826367644 163
1760895577231 0.00275384427302263 164
1760895577591 0.0027749314322136343 165
1760895577998 0.002782810214822265 166
1760895578336 0.002788394451437687 167
1760895578689 0.002767330824016509 168
1760895579094 0.0027617812156677246 169
1760895579430 0.0027694648809053683 170
1760895579769 0.0027567898293703115 171
1760895580171 0.002774780039379204 172
1760895580511 0.002758116493086246 173
1760895580866 0.002752321835776622 174
1760895581271 0.0027547878827053037 175
1760895581612 0.0027620678883977234 176
1760895581950 0.0027908470153554595 177
1760895582349 0.0027591576588086105 178
1760895582704 0.002754310183015398 179
1760895583111 0.0027465741520493543 180
1760895583450 0.002795712196860801 181
1760895583788 0.00275647595778785 182
1760895584188 0.0027838801086710937 183
1760895584527 0.002768883931408213 184
1760895584866 0.0027605559285306795 185
1760895585268 0.002746600943448191 186
1760895585605 0.002778556271964176 187
1760895585955 0.0027619924406859686 188
1760895586295 0.0027448388229293578 189
1760895586696 0.002796308539638465 190
1760895587033 0.0027668365721844816 191
1760895587431 0.0027590389098887417 192
1760895587770 0.0027513482967730274 193
1760895588109 0.002766175179699944 194
1760895588447 0.0027713147256608036 195
1760895588863 0.002739465991246768 196
1760895589206 0.0027688865137117154 197
1760895589547 0.002767649135256017 198
1760895589946 0.002788106445223093 199
1760895518006 0.07432915168729695 0
