1760895595985 0.023100304787724533 0
1760895596340 0.004195250920020044 1
1760895596597 0.0034153577633498407 2
1760895596920 0.0031617054271257734 3
1760895597237 0.003064041478368877 4
1760895597554 0.0029983757545282556 5
1760895597820 0.002952831003560939 6
1760895598138 0.002932092357448048 7
1760895598486 0.0028589568630030208 8
1760895598817 0.002832086890438487 9
1760895599080 0.0028250151398507032 10
1760895599403 0.00289693993346935 11
1760895599724 0.0028172114557078617 12
1760895600043 0.0028656353110405194 13
1760895600299 0.002878822799010033 14
1760895600620 0.0028508725941223515 15
1760895600936 0.002817981371084567 16
1760895601256 0.002817398660805669 17
1760895601514 0.0028354328056924383 18
1760895601831 0.0028681550122035496 19
1760895602150 0.002798162711604329 20
1760895602404 0.0028109084603122688 21
1760895602723 0.0028080290119925685 22
1760895603042 0.0027996556256601416 23
1760895603361 0.0028105727926065974 24
1760895603614 0.00280075403398686 25
1760895603936 0.00279839040806771 26
1760895604256 0.0028311085770837963 27
1760895604572 0.0028326763488373467 28
1760895604825 0.0028313439768019384 29
1760895605145 0.0028165174880996346 30
1760895605463 0.0027768407255114817 31
1760895605779 0.0027744817674498668 32
1760895606034 0.002866203629475256 33
1760895606379 0.002832626531017013 34
1760895606737 0.0028338475557657975 35
1760895606997 0.0028155490845992144 36
1760895607322 0.002779561116106131 37
1760895607647 0.0028002216343090617 38
1760895607976 0.0027816960646305233 39
1760895608239 0.0028726840867999604 40
1760895608576 0.0027824416650797834 41
1760895608904 0.0027833991599353876 42
1760895609233 0.0027873954267389226 43
1760895609493 0.0027968964925755495 44
1760895609819 0.002813644785254093 45
1760895610144 0.0028865911048011517 46
1760895610461 0.00276807916816324 47
1760895610718 0.0028304031822534107 48
1760895611047 0.0027892353986813264 49
1760895611385 0.002783126605208963 50
1760895611708 0.002795885507525368 51
1760895611964 0.0027948301285505295 52
1760895612282 0.00280504391676831 53
1760895612601 0.0028001877481901 54
1760895612924 0.0027980188487245787 55
1760895613181 0.002776654368393462 56
1760895613498 0.0028027434044898573 57
1760895613827 0.0028056454757461324 58
1760895614149 0.0027914890590843493 59
1760895614408 0.0028159909720257433 60
1760895614737 0.002845778854944828 61
1760895615061 0.0028187578520208426 62
1760895615379 0.0027865871644197878 63
1760895615632 0.002760118537645956 64
1760895615968 0.0027633329207839615 65
1760895616297 0.002765801319831305 66
1760895616551 0.002754592037738555 67
1760895616896 0.0027910526206886225 68
1760895617226 0.0028354214790107853 69
1760895617547 0.0027518037452616477 70
1760895617803 0.0027750519088427113 71
1760895618120 0.002769866810095581 72
1760895618441 0.0028121435911585154 73
1760895618768 0.002873654956188561 74
1760895619037 0.002829267590476031 75
1760895619362 0.0027638276329856703 76
1760895619682 0.0028060017079538243 77
1760895620001 0.002747750804039904 78
1760895620260 0.0027839089505670763 79
1760895620599 0.002785804829644886 80
1760895620928 0.002825179560617967 81
1760895621265 0.0027554277568759226 82
1760895621531 0.002783886307786981 83
1760895621872 0.0027702284675218502 84
1760895622202 0.002789679806234992 85
1760895622538 0.002750791778618639 86
1760895622802 0.0028018631459086796 87
1760895623142 0.0027558918359731747 88
1760895623474 0.002834731720874763 89
1760895623792 0.002752857068447735 90
1760895624059 0.0027794747213854202 91
1760895624407 0.0027714711719785223 92
1760895624727 0.0028213839660483327 93
1760895625057 0.002742590380049395 94
1760895625312 0.0027621279732557014 95
1760895625630 0.0028208172906571153 96
1760895625949 0.0027814246714115143 97
1760895626202 0.0027971961694261568 98
1760895626537 0.002775025680999864 99
1760895626861 0.00276226033879952 100
1760895627196 0.0027579854332460936 101
1760895627456 0.00278096891336397 102
1760895627779 0.0027252251519795127 103
1760895628104 0.0027703575615305454 104
1760895628441 0.0027486433497291396 105
1760895628733 0.002749324072448706 106
1760895629062 0.002839494366939603 107
1760895629397 0.0027338199195748366 108
1760895629728 0.002784376188752834 109
1760895629985 0.002769834401657466 110
1760895630312 0.0027375691808463835 111
1760895630644 0.0027777134541379796 112
1760895630960 0.0027204185673988172 113
1760895631214 0.002712953547664008 114
1760895631549 0.002771388573323334 115
1760895631877 0.0027636275560573927 116
1760895632195 0.0027253628861878747 117
1760895632452 0.0027881630468817257 118
1760895632787 0.002765585231827572 119
1760895633113 0.0027761633073995736 120
1760895633447 0.002753898011922667 121
1760895633713 0.0028508000885432757 122
1760895634043 0.002787601906509901 123
1760895634361 0.0028150357036131686 124
1760895634680 0.002782627088229426 125
1760895634936 0.002722588992169635 126
1760895635272 0.002733029636808417 127
1760895635596 0.0027766846840015865 128
1760895635850 0.0028154483760855246 129
1760895636176 0.002806603044684214 130
1760895636498 0.002750364473534071 131
1760895636823 0.0027253234544663096 132
1760895637081 0.0027409461088774897 133
1760895637429 0.0028461297042667866 134
1760895637771 0.0027318285931621426 135
1760895638104 0.002773066125386818 136
1760895638380 0.00273011535120366 137
1760895638741 0.0027524780069308526 138
1760895639072 0.0027903633123390714 139
1760895639402 0.002800871290012517 140
1760895639666 0.0027653419343881647 141
1760895640012 0.0027401294514261695 142
1760895640335 0.002738038969586011 143
1760895640655 0.0027733793130292643 144
1760895640910 0.002722292765445838 145
1760895641245 0.0027875203073067082 146
1760895641589 0.002719418002842841 147
1760895641942 0.0028085594028446144 148
1760895642205 0.0027307396204295483 149
1760895642525 0.002774596780496226 150
1760895642889 0.002747648261984895 151
1760895643233 0.002774737732992931 152
1760895643505 0.0027111066156066954 153
1760895643831 0.002715484580469572 154
1760895644159 0.0027463832600253886 155
1760895644488 0.0027556573239218615 156
1760895644749 0.0027596414544280956 157
1760895645085 0.002755331282969564 158
1760895645407 0.002765488818774677 159
1760895645664 0.002821451034502719 160
1760895646007 0.0027589363400528037 161
1760895646352 0.002766574920811267 162
1760895646679 0.0027723088463641366 163
1760895646935 0.0027528148705393755 164
1760895647268 0.002750064055858688 165
1760895647610 0.0027927650993330067 166
1760895648002 0.0027481205192585053 167
1760895648268 0.0028778502336618576 168
1760895648622 0.0027512799318752845 169
1760895648955 0.002712501484149305 170
1760895649277 0.0027142414844340897 171
1760895649533 0.0027476425404364072 172
1760895649888 0.002760007940444418 173
1760895650233 0.0027236475275871767 174
1760895650565 0.0027588210994674064 175
1760895650821 0.0027153647732285954 176
1760895651139 0.0027607764945555987 177
1760895651460 0.0027036958437582307 178
1760895651838 0.002744919903555208 179
1760895652120 0.0027186158602655105 180
1760895652457 0.0027636928610842337 181
1760895652803 0.002742495569030077 182
1760895653141 0.0027151826983423566 183
1760895653403 0.0027116933911615474 184
1760895653740 0.0027174219457347963 185
1760895654070 0.0027569870739667253 186
1760895654392 0.002761793560983444 187
1760895654646 0.002744239727193913 188
1760895654975 0.0027557815694969827 189
