1760895276112 9.832777001641013 0
1760895276443 1.3276338089596142 1
1760895276755 1.1342955150387504 2
1760895276964 0.9324799450961027 3
1760895277285 0.6442934085022319 4
1760895277600 0.6209316822615537 5
1760895277912 0.6177247112447565 6
1760895278226 0.6174495599486611 7
1760895278441 0.6173464899713342 8
1760895278751 0.6172315071929585 9
1760895279066 0.6171261912042444 10
1760895279406 0.6169815469871868 11
1760895279726 0.6169549308039926 12
1760895279936 0.617000468752601 13
1760895280253 0.6171014390208505 14
1760895280567 0.6168989810076627 15
1760895280883 0.6171882477673617 16
1760895281198 0.6168153367259286 17
1760895281431 0.6168483035130934 18
1760895281750 0.6168261658061635 19
1760895282086 0.6168094060637734 20
1760895282408 0.616665244102478 21
1760895282758 0.6170243647965518 22
1760895282985 0.6167818172411486 23
1760895283343 0.6168239414691925 24
1760895283683 0.6169248846444216 25
1760895284041 0.6168260276317596 26
1760895284366 0.6166946427388624 27
1760895284595 0.6168851906603033 28
1760895284917 0.6177758601578799 29
1760895285230 0.6172703396190297 30
1760895285541 0.6173271997408434 31
1760895285872 0.617668094960126 32
1760895286092 0.6172355196692727 33
1760895286414 0.6182600991292433 34
1760895286742 0.619417133656415 35
1760895287074 0.6186848689209331 36
1760895287392 0.6176720586690035 37
1760895287608 0.6169874343005094 38
1760895287945 0.6191123805262826 39
1760895288265 0.6171227070418271 40
1760895288597 0.619070974263278 41
1760895288963 0.6209324842149561 42
1760895289179 0.623587965965271 43
1760895289496 0.6177177212455056 44
1760895289839 0.6169369437477805 45
1760895290160 0.6188836124810305 46
1760895290478 0.6181399957700209 47
1760895290698 0.6188957962122831 48
1760895291034 0.6168491488153284 49
1760895291350 0.6169888214631514 50
1760895291677 0.6176559762521223 51
1760895291996 0.6189853630282662 52
1760895292213 0.6166748837991194 53
1760895292528 0.620252167636698 54
1760895292856 0.6168372929096222 55
1760895293176 0.6169925684278662 56
1760895293494 0.616407803513787 57
1760895293742 0.6165110766887665 58
1760895294120 0.6192144020037218 59
1760895294500 0.6165786629373377 60
1760895294828 0.6180071234703064 61
1760895295156 0.6167243746193972 62
1760895295389 0.6205610849640586 63
1760895295720 0.6166337701407346 64
1760895296043 0.6165087250145999 65
1760895296365 0.6166954311457548 66
1760895296683 0.617038529027592 67
1760895296910 0.6162050312215631 68
1760895297227 0.6166747239502993 69
1760895297566 0.6177537034858357 70
1760895297930 0.6174838732589375 71
1760895298258 0.6177528283812783 72
1760895298479 0.6161925061182543 73
1760895298808 0.6165829734368757 74
1760895299123 0.6170025684616782 75
1760895299436 0.6164952679113909 76
